.Random.seed <-
c(403L, 10L, -1594854536L, -2115674021L, 539666361L, -1457834488L, 
-293862218L, -1359993871L, -1705185757L, -1228452238L, -2065943356L, 
-830143865L, -90441123L, 392510548L, 1302107770L, 653780421L, 
-470989025L, 913482406L, 844956720L, -431278381L, 1388844273L, 
1924116512L, -363600194L, -1620528439L, -851556229L, 1386178122L, 
3728044L, -1650821713L, -310602395L, -459136228L, -766359694L, 
-189703187L, -1556714457L, -804432818L, 974829736L, -1327786325L, 
77792201L, 439115736L, -1037060474L, 1760391009L, 849781491L, 
1188552034L, 537852884L, 339197655L, 775324877L, -142916508L, 
-2071475638L, 316952501L, -1736363249L, -1138094058L, 407247552L, 
1680080003L, -1081898847L, -487448944L, 210869614L, 274049817L, 
-1300746325L, -1151578726L, 883390812L, -1443164065L, 924885045L, 
381907916L, -1145211102L, 711969149L, -1782848905L, -191128674L, 
1583499864L, 2041504699L, 176039257L, -1382318360L, 1206386454L, 
-843116399L, 2055220547L, -1851901870L, 224774884L, 1060850983L, 
-2072701571L, -1729889164L, 1722672730L, -2089737563L, 252651711L, 
-274195642L, -976786992L, 997653491L, -1761107183L, -1119161536L, 
-2131125474L, -641113111L, -1784518373L, 1255129898L, -1475410868L, 
-1185854449L, -1885411515L, -1415425796L, 1386946386L, 1686687949L, 
-748789625L, -1099185298L, -23022264L, 1165312331L, -712559447L, 
-1913010696L, -1403441882L, 751767105L, -523810861L, -844604030L, 
406417844L, 1078140215L, -408807379L, 271828292L, -2028141974L, 
-1394823979L, -2108528017L, 1142202230L, 1171906720L, -1918912157L, 
1216969217L, -1631082128L, 243292430L, -806769799L, -132226293L, 
-196416454L, 152259388L, -1501699969L, -301743147L, -1818087956L, 
-405520574L, 665075869L, 86604055L, 1421004926L, 1123280952L, 
-201097445L, 1986038905L, 1391006920L, 613315830L, 1400890673L, 
991958371L, -1627064526L, -1342234492L, -955761465L, 2131619741L, 
-1537189100L, 988359098L, -1583677435L, -1350011425L, -2007021466L, 
160397296L, -1135902445L, -398582095L, -2046830240L, -114364674L, 
947358345L, -1088936517L, 972545930L, 1507821164L, 312588271L, 
-1471262683L, -1655086884L, 716965554L, 1290561965L, -1168417433L, 
-790279538L, 1424806760L, -803583125L, -1985940215L, -2059105384L, 
-343192890L, -1029033951L, -1771768653L, -112646622L, -1351952364L, 
-1677452137L, 944912013L, -1746315356L, -1120024182L, -871352843L, 
1018341455L, 66912086L, -522283520L, -2067683517L, -1278181663L, 
794385488L, -1651465042L, -590151591L, -1065443221L, -118336038L, 
948780700L, 322080927L, -702895371L, -648562804L, -1082173854L, 
-1018860995L, 1580881079L, 1468304222L, 1751330456L, 88346107L, 
1683640217L, 282470440L, -97218346L, 583636305L, -1978268669L, 
358181778L, 324962596L, -1099231257L, -1233742787L, 618209972L, 
-756862694L, -988446107L, -689608961L, -1150264442L, 1232420112L, 
-230345293L, -935877039L, -1521580544L, -1727855906L, -2084957911L, 
971963611L, 1356876778L, 1903172492L, 2018303183L, 1033061509L, 
-1909371076L, -1007350254L, 836144397L, 2129778247L, 721062958L, 
796053896L, 1006880907L, -391536023L, -88599220L, 1202957088L, 
1186888322L, 566206952L, -1570429972L, 1770423868L, -45629838L, 
730567536L, -1763603164L, 540248632L, -32804454L, -2066905648L, 
1717581244L, -1902549356L, -790019454L, -77306432L, 1382993724L, 
177648272L, 919308066L, -1298852344L, -1519545588L, 282086300L, 
-1521540078L, -634784896L, 33794836L, 291677480L, -876171206L, 
1644057552L, -270529940L, 1869196340L, -128132974L, 491848032L, 
1199594828L, 826904032L, 1048933282L, -1211327576L, -1561432948L, 
-1665285188L, 375106674L, -1724037136L, 1233237060L, -748550056L, 
1041637434L, 1493717104L, -1632958916L, -1017428204L, -545613118L, 
1892795104L, 172829820L, -2041238320L, -802849886L, 1844473384L, 
1046038796L, -123725892L, -540567246L, 926351552L, 114307636L, 
858786504L, 1790782138L, -838077296L, -1694705940L, -336363948L, 
-279738734L, 864962336L, 1443919820L, -292978464L, 1475395266L, 
1881650216L, 792665004L, 1253128892L, 1184549362L, 1799460400L, 
871724964L, -1762643528L, -1910553766L, 1380365456L, 915123068L, 
2009409300L, 1707953474L, 1953902336L, -354806852L, -1774137520L, 
-1874769630L, 866345544L, -282193908L, 209556572L, -1670221358L, 
-697795072L, -1764351660L, 1602556136L, -2017566470L, 1109034704L, 
198922540L, -588701452L, -1994044014L, 74537312L, -249898996L, 
-1587281184L, -417437086L, 966607528L, -1168938420L, -2038288516L, 
-1983408846L, 664774256L, 1402434372L, -1440405544L, -1323595910L, 
-1238862288L, -1173870660L, 1466250836L, -214544318L, -1015025504L, 
42956476L, 143043024L, 925238114L, 635314920L, 1838596300L, 1313399292L, 
-1540296206L, 1828260480L, 903847412L, 315455112L, -1299390662L, 
1252774736L, -943821716L, -802750060L, 1443263570L, -1071300128L, 
481074380L, 224314528L, 930231682L, -1031141144L, 344749804L, 
-945400516L, 354077810L, 490399856L, -290717660L, 1993985080L, 
22507290L, 988687568L, 483163964L, 1061332884L, -664448126L, 
727747008L, 1764621884L, 162563472L, -1148010974L, 2030069000L, 
-2044924276L, -2063786212L, -1249967982L, -698631808L, 778167828L, 
-1518837976L, -1619322310L, 1893678544L, 1827121516L, -86195276L, 
-28616686L, 1602074080L, 1637976012L, 2043666656L, -10069982L, 
1027793192L, -1614324L, 2009491260L, -1037040654L, 798546672L, 
-360264124L, 1416839768L, 147509050L, 1711580656L, -608233796L, 
239139092L, 484147906L, -283544480L, -701250692L, 1126815696L, 
-1747312350L, -188777816L, -1857741940L, 1692104892L, -2139394254L, 
2122148416L, 160758964L, -1465998776L, -1941592646L, 23740944L, 
-837864724L, 1793352020L, 1276133650L, -1963094624L, 1662198476L, 
-1176330656L, 64714690L, -479254744L, -859770964L, -797154500L, 
-1546835598L, -552404176L, 649751844L, 1286417208L, -189292838L, 
-254023792L, -1111847172L, 1704881044L, -1006559166L, 492426496L, 
894944316L, 1285112144L, -1079832414L, 974512456L, -206645492L, 
1280525020L, 393768274L, -862485376L, 1362813012L, -2014720024L, 
1405823226L, 300526416L, -568230100L, -154998412L, 377023378L, 
-1741854624L, 583093644L, -691053728L, -1515718174L, 687929564L, 
653584650L, -652158977L, 585554505L, 251510750L, 1244598156L, 
272514909L, 1536501607L, 70999184L, 1743155886L, 999190363L, 
-106430659L, -1375208022L, -692710840L, 841626225L, -2139896861L, 
-521883932L, 133232146L, -551403033L, -13599311L, 1137544182L, 
1651394068L, 1781475621L, -616263121L, -1892218904L, 215052486L, 
302212467L, 1506225621L, 429756850L, 1886236544L, 1867477865L, 
443226075L, -1913757908L, 39440698L, -232345617L, -862487943L, 
792374542L, -1961114404L, -354362547L, -2134854985L, -74448832L, 
-566132450L, -72487957L, 1292867437L, 835739098L, -341471336L, 
179543553L, 831451059L, -2003689772L, -1174525982L, 2140555895L, 
2001613761L, -733023930L, -209788796L, 1302259253L, 1893658143L, 
-108258952L, 1779079254L, -1941768989L, -1236458843L, 2084265794L, 
-205636304L, 334773593L, 1751002827L, -1977088196L, -814592150L, 
-2126430817L, 1112134697L, -1418443074L, 452421548L, -407884547L, 
753621063L, -196630736L, -459390898L, 656886907L, 42901469L, 
-1438020086L, 901370664L, -1233691247L, 2000774019L, 494880900L, 
-194451790L, 1197865479L, 1791887953L, 618136022L, 157559988L, 
1503533253L, -1972213233L, 1747665544L, 1360115622L, 2120236883L, 
1739047093L, -1990549998L, -728597536L, 961941065L, 1928072315L, 
1719201100L, -1731094310L, 929933519L, 1988211865L, 733575342L, 
-2022398532L, 1928855085L, 1106155991L, -2113032160L, -1429760642L, 
1129466699L, -2053123763L, 1175449466L, 2045821368L, 161768289L, 
-602672365L, -219821260L, 1661929794L, -725594793L, 920692897L, 
-1795358362L, 596816740L, 497392277L, 1387322303L, -584257704L, 
52651382L, 757303171L, 1224940997L, 294200034L, -463647920L, 
-1988946311L, -1454794325L, -1898696932L, 381122634L, -606819265L, 
-8803191L, -766490466L, -1870346932L, -1805572835L, 1420271783L, 
1339658192L, 561350510L, -1736544741L, 940316541L, -2112201366L, 
309818376L, 1108917425L, 1906957091L, -1888835548L, 567012050L, 
1012563751L, 1857921393L, 1971136438L, -1888363692L, 1167025637L, 
